0.000000000000000000e+00 0.000000000000000000e+00
1.000000000000000056e-01 9.033301095242417256e-02
2.000000000000000111e-01 1.626566908153391500e-01
3.000000000000000444e-01 2.189267536743471632e-01
4.000000000000000222e-01 2.610349211434569994e-01
5.000000000000000000e-01 2.907862882126918680e-01
6.000000000000000888e-01 3.098823596321071960e-01
7.000000000000000666e-01 3.199090359247280801e-01
8.000000000000000444e-01 3.223288692270619982e-01
9.000000000000000222e-01 3.184769551129009724e-01
1.000000000000000000e+00 3.095598756531122153e-01
1.100000000000000089e+00 2.966571597433546037e-01
1.200000000000000178e+00 2.807247779692678691e-01
1.300000000000000044e+00 2.626002399643471708e-01
1.400000000000000133e+00 2.430089115322301430e-01
1.500000000000000000e+00 2.225712161082185336e-01
1.600000000000000089e+00 2.018104299334517460e-01
1.700000000000000178e+00 1.811608222525440404e-01
1.800000000000000044e+00 1.609759306813916269e-01
1.900000000000000133e+00 1.415367974856650279e-01
2.000000000000000000e+00 1.230600248057767410e-01
2.100000000000000089e+00 1.057055358743397566e-01
2.200000000000000178e+00 8.958395506779948114e-02
2.300000000000000266e+00 7.476354233090595769e-02
2.400000000000000355e+00 6.127663726195726329e-02
2.500000000000000000e+00 4.912558512521503912e-02
2.600000000000000089e+00 3.828813145957792735e-02
2.700000000000000178e+00 2.872228398576737174e-02
2.800000000000000266e+00 2.037065038968647809e-02
2.900000000000000355e+00 1.316426848968874422e-02
3.000000000000000000e+00 7.025951489350120219e-03
3.100000000000000089e+00 1.873175677615508987e-03
3.200000000000000178e+00 -2.379458741457424632e-03
3.300000000000000266e+00 -5.818160843910243074e-03
3.400000000000000355e+00 -8.528242183900679521e-03
3.500000000000000000e+00 -1.059273562466190276e-02
3.600000000000000089e+00 -1.209130576984141468e-02
3.700000000000000178e+00 -1.309941785469360617e-02
3.800000000000000266e+00 -1.368773328667421962e-02
3.900000000000000355e+00 -1.392170168962300267e-02
4.000000000000000000e+00 -1.386132121415295515e-02
4.100000000000000533e+00 -1.356104095036140926e-02
4.200000000000000178e+00 -1.306978145009515292e-02
4.299999999999999822e+00 -1.243105157775332634e-02
4.400000000000000355e+00 -1.168314211360643382e-02
4.500000000000000000e+00 -1.085937869316915688e-02
4.600000000000000533e+00 -9.988418749443670960e-03
4.700000000000000178e+00 -9.094579107975854157e-03
4.800000000000000711e+00 -8.198182749904945471e-03
4.900000000000000355e+00 -7.315914993153741289e-03
