0.000000000000000000e+00 1.000000000000000000e+00
1.000000000000000056e-01 9.003169998451939771e-01
2.000000000000000111e-01 8.024106473425202113e-01
3.000000000000000444e-01 7.077306780263507013e-01
4.000000000000000222e-01 6.174056479016456489e-01
5.000000000000000000e-01 5.322807302156707943e-01
6.000000000000000888e-01 4.529537891452498077e-01
7.000000000000000666e-01 3.798093899251537842e-01
8.000000000000000444e-01 3.130505040044799792e-01
9.000000000000000222e-01 2.527277532911686442e-01
1.000000000000000000e+00 1.987661103464129775e-01
1.100000000000000089e+00 1.509890325001775890e-01
1.200000000000000178e+00 1.091400582898768429e-01
1.300000000000000044e+00 7.290193539955684698e-02
1.400000000000000133e+00 4.191338140902855364e-02
1.500000000000000000e+00 1.578360313656632791e-02
1.600000000000000089e+00 -5.895281879737498607e-03
1.700000000000000178e+00 -2.353776627269894145e-02
1.800000000000000044e+00 -3.755625365438292756e-02
1.900000000000000133e+00 -4.835397412485797214e-02
2.000000000000000000e+00 -5.631934999212789145e-02
2.100000000000000089e+00 -6.182165078672985370e-02
2.200000000000000178e+00 -6.520778249165450069e-02
2.300000000000000266e+00 -6.680006349374535690e-02
2.400000000000000355e+00 -6.689484864237704720e-02
2.500000000000000000e+00 -6.576187257971535804e-02
2.600000000000000089e+00 -6.364419384433156468e-02
2.700000000000000178e+00 -6.075863185798045796e-02
2.800000000000000266e+00 -5.729659954294055724e-02
2.900000000000000355e+00 -5.342524478659130271e-02
3.000000000000000000e+00 -4.928882411191869151e-02
3.100000000000000089e+00 -4.501024160317875639e-02
3.200000000000000178e+00 -4.069269528148308779e-02
3.300000000000000266e+00 -3.642138165888661461e-02
3.400000000000000355e+00 -3.226521707810965645e-02
3.500000000000000000e+00 -2.827854164451439403e-02
3.600000000000000089e+00 -2.450277807018785836e-02
3.700000000000000178e+00 -2.096802358348794776e-02
3.800000000000000266e+00 -1.769455822883072085e-02
3.900000000000000355e+00 -1.469425741726795853e-02
4.000000000000000000e+00 -1.197190052166259046e-02
4.100000000000000533e+00 -9.526370679055215854e-03
4.200000000000000178e+00 -7.351743808484952590e-03
4.299999999999999822e+00 -5.438267218408423392e-03
4.400000000000000355e+00 -3.773230108110591473e-03
4.500000000000000000e+00 -2.341729806152551257e-03
4.600000000000000533e+00 -1.127338779096755507e-03
4.700000000000000178e+00 -1.126783271146440955e-04
4.800000000000000711e+00 7.200945007530430968e-04
4.900000000000000355e+00 1.388879852660138874e-03
